0 702289.187 4570727
1 702272.313 4570708
2 702182.465 4570808.985
3 702287.661 4570899.638
4 702449.768 4571039.332
5 702489.999 4571074.001
6 702542.999 4571111
7 702760.923 4571260.762
8 702770 4571267
9 702777.999 4571271
10 702916.682 4571419.901
11 702968 4571475.001
12 703043.621 4571563.547
13 703085.001 4571612
14 703126.124 4571662.284
15 703287.001 4571859
16 703337.901 4571906.343
17 703343.535 4571912.311
18 703425.424 4571991.298
19 703433.769 4571999.348
20 703440.396 4572005.685
21 703446.821 4571997.598
22 703448.137 4571995.942
23 703456.021 4571986.021
24 703457.659 4571983.96
25 703468.898 4571969.816
26 703473.045 4571964.597
27 703479.157 4571956.904
28 703524.375 4571900
29 703515.526 4571889.849
30 703507.812 4571881.001
31 703490.875 4571863.001
32 703473.875 4571845.001
33 703456.625 4571826
34 703439.313 4571808
35 703438.769 4571807.439
36 703421.874 4571790
37 703404.687 4571772
38 703387.5 4571754
39 703371.086 4571736.811
40 703370.312 4571736
41 703353 4571718
42 703344.224 4571708.776
43 703335.874 4571700.001
44 703327.847 4571691.028
45 703325.692 4571688.842
46 703316.412 4571682.245
47 703239.952 4571616.62
48 703146.778 4571487.52
49 703076.222 4571400.518
50 703006.447 4571310.794
51 702985.28 4571286.687
52 702965.581 4571267.281
53 702942.687 4571263
54 702925.126 4571246
55 702907.375 4571228
56 702889.812 4571210
57 702872.125 4571193
58 702854.375 4571175
59 702836.812 4571157
60 702819.125 4571139
61 702801.813 4571121
62 702784.625 4571103
63 702767.374 4571085
64 702750.126 4571067
65 702741.221 4571057.906
66 702732.501 4571049.001
67 702714.374 4571032
68 702704.686 4571023.127
69 702695.813 4571015
70 702680.814 4571003.536
71 702676.187 4571000
72 702655.375 4570986
73 702633.812 4570974.001
74 702611.812 4570962
75 702589.688 4570950
76 702568 4570937
77 702546.999 4570923
78 702540.313 4570918.474
79 702526.312 4570908.999
80 702512.312 4570899.496
81 702505.687 4570894.999
82 702485.189 4570880.999
83 702464.875 4570866
84 702450.874 4570856.32
85 702444.626 4570852
86 702424.375 4570837
87 702419.124 4570833.11
88 702404.125 4570822
89 702395.837 4570816.288
90 702383.812 4570808
91 702363.625 4570793.001
92 702343.875 4570777
93 702324.875 4570761.001
94 702306.687 4570744
95 702289.187 4570727
