  0 703076.222 4571400.519
  1 703073.971 4571397.624
  2 703072.555 4571404.175
  3 703083.729 4571424.394
  4 703097.031 4571451.353
  5 703105.012 4571464.3
  6 703117.428 4571480.086
  7 703131.262 4571503.143
  8 703146.87 4571532.408
  9 703159.64 4571551.385
  10 703195.112 4571590.583
  11 703229.875 4571637.229
  12 703247.434 4571664.72
  13 703271.378 4571695.936
  14 703304.722 4571732.295
  15 703330.795 4571765.107
  16 703348.354 4571784.795
  17 703377.973 4571814.237
  18 703405.464 4571836.762
  19 703416.283 4571854.321
  20 703438.276 4571885.004
  21 703449.095 4571902.741
  22 703459.028 4571917.994
  23 703468.783 4571919.058
  24 703470.024 4571909.126
  25 703468.251 4571883.94
  26 703451.046 4571857.513
  27 703438.099 4571831.263
  28 703436.503 4571817.607
  29 703438.215 4571806.866
  30 703421.874 4571790
  31 703404.687 4571772
  32 703387.501 4571754
  33 703371.086 4571736.811
  34 703370.312 4571736
  35 703353 4571718
  36 703344.224 4571708.776
  37 703335.875 4571700.001
  38 703327.847 4571691.028
  39 703326.237 4571689.229
  40 703316.412 4571682.245
  41 703239.952 4571616.62
  42 703146.778 4571487.521
  43 703076.222 4571400.519
